SNNS result file V1.4-3D
generated at Sun Oct 06 19:07:17 2019

No. of patterns     : 391
No. of input units  : 31
No. of output units : 1
startpattern        : 1
endpattern          : 391
input patterns included
teaching output included
#1.1
0 1 0.30769 0 0 1 0 0 1 1
0 0.21795 0.13222 0 0 0.59864 0.66667 0 0 1
0 1 0 1 0 0 1 1 0 1
0
0.79545
0.88677 
#2.1
0 1 0.15385 0 0 0 1 1 0 1
0 0.16453 0.06033 0 0 0.56463 0 0 0 1
0 1 0 1 0 1 0 0 1 1
0
0.60227
0.52807 
#3.1
1 0 0.07692 0 1 0 1 1 0 1
0 0.18803 0.12452 0.82334 0.05618 0.76191 0.68889 0.25207 0.62712 1
0 1 0 1 0 0 0 0 0 0
0
0.82955
0.734 
#4.1
1 0 0.15385 0 0 0 0 0 0 0
0 0.11539 0.06804 0.89274 0.02247 0.79592 0.95556 0.2562 0.64407 1
0 1 0 1 0 0 1 1 0 1
0
0.59091
0.50781 
#5.1
0 1 0.30769 0 0 0 0 1 0 1
0 0.11111 0.06033 0.86751 0.01573 0.61905 0.66667 0.23141 0.38983 0
1 0 1 1 0 0 1 0 1 1
0
0.65909
0.70953 
#6.1
0 1 0.30769 0 0 1 0 0 1 1
0 0.18162 0.08087 0.8612 0.04719 0.47619 0.46667 0.23141 0.32203 1
0 1 0 1 0 1 0 1 0 1
0
0.80682
0.78589 
#7.1
0 1 0.30769 1 0 1 0 1 0 0
1 0 0.82285 0.76656 0.05169 0.33333 0.33333 0.08264 0.20339 0
1 0 1 0 1 1 0 0 1 0
1
0.625
0.58122 
#8.1
0 1 1 0 0 1 0 1 0 1
0 0.58974 0.05777 0.84858 0.03146 0.55102 0.51111 0.33884 0.35593 0
1 0 1 1 0 1 0 0 1 1
0
0.61364
0.53505 
#9.1
1 0 0.15385 0 1 0 1 1 0 1
0 0.23718 0.09371 0.86751 0.02472 0.72109 0.84444 0.28926 0.47458 1
0 1 0 1 0 0 1 1 0 1
0
0.67045
0.52074 
#10.1
1 0 0.23077 0 1 0 1 1 0 1
0 0.12821 0.12195 0.89905 0.0427 0.87075 0.82222 0.28512 0.44068 1
0 1 0 1 0 0 1 1 0 1
0
0.48864
0.50223 
#11.1
0 1 0.23077 0 0 0 1 1 0 1
0 0.21154 0.08857 0 0 0.83674 0.77778 0.23141 0.52542 0
1 0 1 1 0 0 1 1 0 1
0
0.52273
0.60227 
#12.1
1 0 0.07692 0 1 0 1 1 0 1
0 0.16453 0.09371 0.82334 0.02697 0.67347 0.88889 0.25207 0.52542 1
0 1 0 1 0 0 1 1 0 1
0
0.55682
0.50852 
#13.1
1 0 0.23077 0 1 0 1 1 0 1
0 0.23291 0.04236 0.8612 0.02247 0.86395 0.97778 0.19008 0.67797 1
0 1 0 1 0 0 1 1 0 1
0
0.63636
0.51099 
#14.1
1 0 0.23077 0 1 0 1 1 0 1
0 0.23504 0.08344 0.89905 0.02247 1 0.77778 0.10331 0.40678 1
0 1 0 1 0 0 1 1 0 1
0
0.68182
0.45307 
#15.1
0 1 0.30769 0 0 0 0 1 0 1
0 0.11111 0.06033 0.86751 0.01573 0.61905 0.66667 0.23141 0.38983 0
1 0 1 1 0 0 1 0 1 1
0
0.65909
0.70953 
#16.1
1 0 0.15385 0 1 0 1 1 0 1
0 0 0 0 0 0.72789 0.86667 0.23141 0.38983 1
0 1 0 1 0 0 1 1 0 1
0
0.47727
0.43829 
#17.1
0 1 0.15385 0 1 0 1 1 0 1
0 0.17094 0.15019 0.69716 0.07191 0.38095 0.37778 0.43802 0.16949 0
1 1 0 1 0 1 0 1 0 0
1
0.92045
0.84149 
#18.1
0 1 0 0 0 0 1 1 0 1
0 0 0.06033 0 0 0.59184 0.6 0.42149 0 1
0 1 0 1 0 0 1 1 0 1
0
0.03409
0.04378 
#19.1
0 1 0.07692 0 1 1 0 0 1 1
0 0.36325 0.0398 0.7918 0.04045 0 0 0.30165 0 0
1 0 1 1 0 1 0 1 0 1
0
0.71591
0.6901 
#20.1
1 0 0.07692 0 1 0 1 1 0 1
0 0.24786 0.03466 0.82334 0.0427 0 0 0 0 1
0 1 0 1 0 0 1 1 0 1
0
0.31818
0.3441 
#21.1
0 1 0.38462 1 0 1 0 1 0 0
1 0.30128 0.13479 0.85489 0.04719 0.32653 0.37778 0.21901 0.22034 0
1 0 1 1 0 0 1 0 1 1
0
0.70455
0.65597 
#22.1
1 0 0.23077 0 1 0 1 1 0 1
0 0.15171 0.11425 0.88643 0.02247 0 0 0.35124 0.71186 1
0 1 0 1 0 0 1 1 0 1
0
0.25
0.41065 
#23.1
0 1 0.23077 1 0 1 0 1 0 1
0 0.49359 0.36072 0.84227 0.07416 0.5034 0.53333 0.20661 0.37288 0
1 0 1 0 1 0 1 1 0 1
0
0.80682
0.75623 
#24.1
1 0 0.07692 0 1 0 1 1 0 1
0 0.22436 0.11938 0.91798 0.02247 0.81633 0.95556 0.36364 0.44068 1
0 1 0 1 0 0 1 1 0 1
0
0.80682
0.5424 
#25.1
1 0 0.23077 0 0 0 0 1 0 1
0 0.15171 0.08087 0.88013 0.04494 0.69388 0.95556 0.2438 0.52542 1
0 1 0 1 0 0 1 1 0 1
0
0.51136
0.59039 
#26.1
1 0 0.15385 0 1 0 1 1 0 1
0 0.12607 0.04236 0.88643 0.05618 0.78912 0.77778 0.31405 0.66102 1
0 1 0 1 0 0 1 1 0 1
0
0.78409
0.54893 
#27.1
1 0 0.15385 0 1 0 1 1 0 1
0 0.14103 0.03723 0.89905 0.02247 0.90476 0.97778 0.28512 0.52542 1
0 1 0 1 0 0 1 1 0 1
0
0.63636
0.5283 
#28.1
0 1 0 0 0 0 1 1 0 1
0 0.16453 0.0552 0.84227 0.0427 0.60544 0.55556 0 0 1
0 1 0 1 0 0 1 1 0 1
0
0.02273
0.16086 
#29.1
0 1 0.23077 0 0 0 1 1 0 1
0 0.26496 0 0 0 0.45578 0 0 0 1
0 1 0 1 0 0 1 1 0 1
0
0.60227
0.71926 
#30.1
0 1 0.23077 0 0 0 1 1 0 1
0 0.11539 0.41207 0.8612 0.05393 0.30612 0.33333 0.06612 0.11864 0
1 1 0 1 0 0 1 1 0 0
1
0.43182
0.49491 
#31.1
0 1 0.23077 0 0 0 0 1 0 1
0 0 0.28113 0.75394 0.06292 0.2517 0 0.08678 0.15254 0
1 0 1 1 0 0 1 1 0 0
1
0.625
0.66356 
#32.1
0 1 0.38462 0 0 0 1 1 0 1
0 0.1453 0.24775 0 0 0.40816 0.42222 0.13636 0.25424 0
1 1 0 1 0 0 1 1 0 1
0
0.71591
0.62917 
#33.1
0 1 0.15385 0 0 0 1 1 0 1
0 0.16667 0.13479 0.62776 0.03371 0.63265 0.6 0 0 1
0 1 0 1 0 0 1 1 0 1
0
0.75
0.5092 
#34.1
0 1 0.07692 1 0 1 0 1 0 0
1 0.15385 0.16816 0.82334 0.05393 0.46259 0.46667 0.59917 0.45763 1
0 1 0 1 0 1 0 1 0 1
0
0.04545
0.05039 
#35.1
0 1 0.23077 0 0 1 0 1 0 1
0 0 0.06804 0 0 0.63265 0.77778 0.1405 0.37288 1
0 1 0 1 0 0 1 1 0 0
1
0.51136
0.33303 
#36.1
1 0 0.23077 0 1 0 1 1 0 1
0 0.20513 0.04236 0.82334 0.02472 0.84354 0.75556 0.20661 0.55932 1
0 1 0 1 0 0 1 1 0 1
0
0.60227
0.50483 
#37.1
1 0 0.23077 0 1 0 1 1 0 1
0 0.11966 0.11168 0.84227 0.02247 0.88435 0.91111 0.13223 0.61017 1
0 1 0 1 0 0 1 1 0 1
0
0.68182
0.45679 
#38.1
0 1 0.15385 0 0 0 0 1 0 1
0 0 0.55841 0.7918 0.02921 0.19728 0 0 0 0
1 1 0 1 0 0 1 1 0 0
1
0.36364
0.43368 
#39.1
0 1 0.23077 0 0 0 1 1 0 1
0 0.23504 0.24775 0.81073 0.05618 0.52381 0.48889 0.29752 0.28814 0
1 0 1 1 0 0 1 1 0 1
0
0.81818
0.68287 
#40.1
0 1 0.30769 1 0 1 0 1 0 1
0 0.22863 0.27086 0.79811 0.05169 0.40816 0.44444 0.17355 0.22034 0
1 1 0 1 0 0 1 1 0 1
0
0.61364
0.65081 
#41.1
0 1 0.23077 0 1 1 0 0 1 0
1 0.41026 0.18357 0.83596 0.05393 0.53061 0.55556 0.21488 0.27119 0
1 0 1 1 0 0 1 0 1 1
0
0.60227
0.579 
#42.1
0 1 0.15385 1 0 1 0 1 0 1
0 0.27992 0.05263 0.81073 0.02921 0 0 0 0 1
0 1 0 1 0 0 1 0 1 1
0
0.36364
0.41435 
#43.1
1 0 0.07692 0 1 0 1 1 0 1
0 0.13675 0.09114 0.91798 0.05618 0.71429 0.93333 0.14876 0.40678 1
0 1 0 1 0 0 1 1 0 1
0
0.42045
0.46274 
#44.1
1 0 0.23077 0 1 0 1 1 0 1
0 0.16453 0.11425 0.86751 0.03371 0.9932 0.82222 0.08678 0.57627 1
0 1 0 1 0 0 1 1 0 1
0
0.23864
0.44312 
#45.1
0 1 0 0 0 0 1 1 0 1
0 0 0.06033 0 0 0.59184 0.6 0.42149 0 1
0 1 0 1 0 0 1 1 0 1
0
0.03409
0.04378 
#46.1
1 0 0.07692 0 1 0 1 1 0 1
0 0.20086 0.0629 0.89274 0.05393 0.86395 0.8 0.22727 0.52542 0
0 0 0 0 0 0 1 1 0 1
0
0.57955
0.52819 
#47.1
1 0 0.23077 0 1 0 1 1 0 1
0 0.16453 0.11425 0.86751 0.03371 0.9932 0.82222 0.08678 0.57627 1
0 1 0 1 0 0 1 1 0 1
0
0.23864
0.44312 
#48.1
1 0 0.23077 0 1 0 1 1 0 1
0 0.2265 0.09371 0.82334 0.03146 0.68027 0.8 0.16529 0.40678 1
0 1 0 1 0 0 1 1 0 1
0
0.35227
0.45887 
#49.1
0 1 0.15385 0 1 0 1 1 0 1
0 0.14957 0.0706 0.81073 0.03146 0.4898 0.51111 0 0 0
1 1 0 1 0 0 1 1 0 1
0
0.84091
0.83764 
#50.1
1 0 0.23077 0 1 0 1 1 0 1
0 0.23077 0.12452 0.89905 0.05618 0.84354 0.71111 0.28512 0.66102 1
0 1 0 1 0 0 1 1 0 1
0
0.60227
0.52968 
#51.1
1 0 0.07692 0 1 0 1 1 0 1
0 0.23932 0.11168 0.84858 0.05169 0.7551 0.86667 0.35124 0.59322 1
0 1 0 1 0 0 1 1 0 1
0
0.65909
0.55269 
#52.1
0 1 0.23077 0 0 0 1 1 0 1
0 0.28633 0.11168 0.85489 0.02022 0.57823 0.57778 0.33471 0.32203 0
1 0 1 1 0 1 0 1 0 1
0
0.82955
0.74335 
#53.1
0 1 0.15385 1 0 1 0 1 0 1
0 0.25 0.0706 0 0 0.5034 0.51111 0 0 0
1 1 0 1 0 0 1 0 1 1
0
0.71591
0.64686 
#54.1
0 1 0.15385 0 0 0 1 1 0 1
0 0 0.0475 0 0 0 0 0 0 1
0 1 0 1 0 0 1 0 1 1
0
0.48864
0.37848 
#55.1
1 0 0.15385 0 1 0 1 1 0 1
0 0.21581 0.10911 0.82334 0.02921 0.78231 0.77778 0.13636 0.45763 1
0 1 0 1 0 0 1 1 0 1
0
0.20455
0.46041 
#56.1
0 1 0.15385 0 0 0 1 1 0 1
0 0 0.0475 0 0 0 0 0 0 1
0 1 0 1 0 0 1 0 1 1
0
0.48864
0.37848 
#57.1
1 0 0.07692 0 1 0 1 1 0 1
0 0.2094 0.07574 0.91798 0.04719 0.70068 0.77778 0.35124 0.62712 1
0 1 0 1 0 0 1 1 0 1
0
0.31818
0.56127 
#58.1
1 0 0.23077 0 1 0 1 1 0 1
0 0.23077 0.12452 0.89905 0.05618 0.84354 0.71111 0.28512 0.66102 1
0 1 0 1 0 0 1 1 0 1
0
0.60227
0.52968 
#59.1
0 1 0 0 0 0 1 1 0 1
0 0.51068 0.14506 0.68454 0.01124 0 0 0.08264 0.22034 0
1 1 0 1 0 0 1 1 0 1
0
0.65909
0.72622 
#60.1
0 1 0.07692 0 0 0 0 1 0 1
0 0.11539 0.10911 0.77287 0.04045 0 0 0 0 1
0 1 0 1 0 1 0 0 1 0
1
0.28409
0.18512 
#61.1
0 1 0.30769 1 0 0 1 1 0 1
0 0.52991 0.09628 0 0 0.60544 0.6 0.31405 0.47458 0
1 0 1 1 0 1 0 1 0 0
1
0.71591
0.72884 
#62.1
0 1 0.23077 1 0 1 0 1 0 1
0 0.3953 0.19384 0.81704 0.05169 0.44898 0.42222 0 0 0
1 0 1 1 0 1 0 0 1 1
0
0.59091
0.50209 
#63.1
0 1 0.23077 0 0 0 0 1 0 1
0 0 0.28113 0.75394 0.06292 0.2517 0 0.08678 0.15254 0
1 0 1 1 0 0 1 1 0 0
1
0.625
0.66356 
#64.1
0 1 0.07692 0 1 0 1 1 0 1
0 0.30128 0.23235 0.8612 0.03371 0.45578 0.42222 0.5124 0.18644 0
1 0 1 1 0 0 1 1 0 1
0
0.5
0.71496 
#65.1
0 1 0.15385 0 0 0 1 1 0 1
0 0 0 0 0 0 0 0 0 1
0 1 0 1 0 1 0 1 0 0
1
0.21591
0.27656 
#66.1
1 0 0.15385 0 1 0 1 1 0 1
0 0.13034 0.10398 0.84858 0.02697 0.89116 0.91111 0.29339 0.55932 1
0 1 0 1 0 0 1 1 0 1
0
0.76136
0.52134 
#67.1
0 1 0.30769 0 1 1 0 1 0 1
0 0.2735 0.04236 0.85489 0.0382 0 0 0 0 1
0 1 0 1 0 1 0 0 1 0
1
0.59091
0.60438 
#68.1
0 1 0.23077 0 0 0 0 1 0 1
0 0.19658 0.21951 0.84858 0.02697 0.61225 0 0 0 0
1 1 0 1 0 1 0 1 0 1
0
0.51136
0.50622 
#69.1
0 1 0.23077 1 0 1 0 1 0 1
0 0.49359 0.36072 0.84227 0.07416 0.5034 0.53333 0.20661 0.37288 0
1 0 1 0 1 0 1 1 0 1
0
0.80682
0.75623 
#70.1
0 1 0.15385 0 1 1 0 1 0 1
0 0.51709 0.21951 0.7918 0.03371 0.63946 0.62222 0.30579 0.33898 0
1 0 1 0 1 0 1 0 1 1
0
0.76136
0.67441 
#71.1
0 1 0.30769 0 0 1 0 0 1 1
0 0.25427 0.1656 0.84227 0.09213 0 0 0 0 0
1 1 0 1 0 0 1 1 0 1
0
0.73864
0.83268 
#72.1
0 1 0.30769 0 0 0 0 1 0 1
0 0.25855 0.22208 0 0 0 0 0 0 0
1 0 1 1 0 1 0 0 1 1
0
0.60227
0.63462 
#73.1
0 1 0.23077 0 0 0 0 1 0 1
0 0.68162 0.09114 0 0 0.62585 0.71111 0.19421 0.47458 0
1 0 1 1 0 0 1 1 0 0
1
0.73864
0.73538 
#74.1
1 0 0.15385 0 1 0 1 1 0 1
0 0.16667 0.11682 0.86751 0.02247 0.90476 0.75556 0.14463 0.74576 1
0 1 0 1 0 0 1 1 0 1
0
0.5
0.48988 
#75.1
1 0 0 0 1 0 1 0 0 0
0 0.16453 0.07317 0.82334 0.05393 0.83674 0.86667 0.1157 0.52542 1
0 1 0 1 0 0 1 1 0 1
0
0.375
0.4044 
#76.1
1 0 0.07692 0 1 0 1 1 0 1
0 0.16453 0.09371 0.82334 0.02697 0.67347 0.88889 0.25207 0.52542 1
0 1 0 1 0 0 1 1 0 1
0
0.55682
0.50852 
#77.1
1 0 0.15385 0 1 0 1 1 0 1
0 0.10256 0.11425 0.82334 0.05393 0.87075 0.91111 0.36364 0.50848 0
0 0 0 0 0 0 1 1 0 1
0
0.61364
0.50131 
#78.1
1 0 0.23077 0 1 0 1 1 0 1
0 0.16026 0.09884 0.91798 0.04494 0.7551 0.86667 0.34297 0.49152 1
0 1 0 1 0 0 1 1 0 1
0
0.54545
0.52937 
#79.1
0 1 0.30769 0 0 0 1 1 0 0
1 0.27992 0.19127 0 0 0 0 0 0 1
0 1 0 1 0 1 0 1 0 1
0
0.72727
0.80895 
#80.1
0 1 0 0 1 1 0 1 0 1
0 0 0 0 0 0 0 0 0 1
0 1 0 1 0 0 1 0 1 1
0
0
0.07355 
#81.1
0 1 0.15385 0 1 1 0 0 1 0
1 0.42094 0.20667 0.81073 0.0427 0.4966 0.53333 0.1405 0.25424 0
1 0 1 0 1 0 1 1 0 1
0
0.78409
0.71959 
#82.1
0 1 0.07692 0 0 0 0 1 0 1
0 0.18376 0.17073 0 0 0 0 0 0 0
1 0 1 1 0 0 1 1 0 1
0
0.81818
0.72772 
#83.1
0 1 0.69231 0 0 0 0 1 0 1
0 0.1688 0.26829 0.82334 0.04045 0.21088 0.2 0.14876 0.0339 0
1 0 1 1 0 1 0 1 0 0
1
0.54545
0.6513 
#84.1
0 1 0.23077 1 0 0 1 1 0 1
0 0 0 0 0 0.43537 0.42222 0 0 1
0 1 0 1 0 0 1 0 1 1
0
0.375
0.38681 
#85.1
0 1 0.23077 0 1 1 0 1 0 1
0 0.34188 1 1 0.82023 0 0 0 0 1
0 1 0 1 0 0 1 0 1 1
0
0.73864
0.82134 
#86.1
0 1 0.15385 1 0 1 0 0 1 1
0 0.76496 0.15019 0.79811 0.0382 0.52381 0.51111 0.09504 0.28814 0
1 0 1 1 0 1 0 0 1 1
0
0.69318
0.59949 
#87.1
0 1 0.15385 0 1 0 1 1 0 1
0 0.10256 0.07831 0.76025 0.03371 0.46939 0.44444 0.69008 0.23729 0
1 0 1 1 0 0 1 0 1 1
0
0.80682
0.70849 
#88.1
0 1 0.23077 0 1 1 0 1 0 1
0 0.34188 1 1 0.82023 0 0 0 0 1
0 1 0 1 0 0 1 0 1 1
0
0.73864
0.82134 
#89.1
1 0 0.15385 0 1 0 1 1 0 1
0 0.23077 0.09114 0.91798 0.05618 0.70068 0.71111 0.21074 0.44068 1
0 1 0 1 0 0 1 1 0 1
0
0.69318
0.48827 
#90.1
0 1 0.23077 0 1 0 0 1 0 1
0 0 0 0.82965 0.0382 0.67347 0.68889 0.31405 0.35593 0
1 1 0 0 1 0 1 1 0 1
0
0.69318
0.70278 
#91.1
1 0 0.15385 0 1 0 1 1 0 1
0 0.14957 0.09884 0.8612 0.05393 0.7415 0.95556 0.21901 0.69491 1
0 1 0 1 0 0 1 1 0 1
0
0.47727
0.50279 
#92.1
0 1 0.30769 1 0 0 1 1 0 0
1 1 0.24005 0.79811 0.02921 0.57143 0.57778 0.40496 0.40678 0
1 0 1 1 0 0 1 1 0 1
0
0.65909
0.75224 
#93.1
1 0 0.15385 0 1 0 1 1 0 1
0 0.22436 0.10911 0.88643 0.05618 0.79592 0.86667 0 0 1
0 1 0 1 0 0 1 1 0 1
0
0.30682
0.37128 
#94.1
0 1 0.23077 0 0 0 0 1 0 1
0 0 0 0 0 0 0 0 0 1
0 0 1 1 0 0 1 1 0 1
0
0.65909
0.71963 
#95.1
1 0 0.23077 0 1 0 1 1 0 1
0 0.20727 0.11425 0.8612 0.05393 0.73469 0.88889 0.11983 0.49152 1
0 1 0 1 0 0 1 1 0 1
0
0.88636
0.44679 
#96.1
1 0 0.23077 0 1 0 1 1 0 1
0 0.19231 0.11938 0.85489 0.05618 0.94558 0.95556 0.20661 0.62712 1
0 1 0 1 0 0 1 1 0 1
0
0.44318
0.48441 
#97.1
1 0 0.15385 0 1 0 1 1 0 1
0 0.21795 0.05263 0.83596 0.02921 0.70068 0.75556 0 0 1
0 1 0 1 0 0 1 1 0 1
0
0.42045
0.38863 
#98.1
1 0 0.07692 0 1 0 1 1 0 1
0 0.15598 0.05777 0.88643 0.05618 0.80952 0.95556 0.16942 0.42373 1
0 1 0 1 0 0 1 1 0 1
0
0.23864
0.48055 
#99.1
0 1 0.07692 0 0 0 1 1 0 1
0 0.14744 0.12709 0.80442 0.02921 0.46939 0.51111 0.28512 0.32203 0
1 0 1 1 0 1 0 0 1 1
0
0.71591
0.71678 
#100.1
1 0 0.23077 0 1 0 1 1 0 1
0 0.12607 0.03466 0.8612 0.02472 0.80952 0.82222 0.34297 0.54237 1
0 1 0 1 0 0 1 1 0 1
0
0.65909
0.54536 
#101.1
0 1 0.23077 0 1 0 0 1 0 1
0 0 0 0.82965 0.0382 0.67347 0.68889 0.31405 0.35593 0
1 1 0 0 1 0 1 1 0 1
0
0.69318
0.70278 
#102.1
1 0 0.23077 0 1 0 1 1 0 1
0 0.14316 0.04493 0.88013 0.05618 0.80952 0.68889 0.33471 0.45763 1
0 1 0 1 0 0 1 1 0 1
0
0.35227
0.53301 
#103.1
0 1 0 0 0 0 1 1 0 1
0 0.16453 0.0552 0.84227 0.0427 0.60544 0.55556 0 0 1
0 1 0 1 0 0 1 1 0 1
0
0.02273
0.16086 
#104.1
1 0 0.23077 0 1 0 1 1 0 1
0 0.21368 0.08087 0.89274 0.03146 0.73469 0.86667 0.30165 0.45763 1
0 1 0 1 0 0 1 1 0 1
0
0.52273
0.51924 
#105.1
0 1 0.15385 0 0 0 1 1 0 1
0 0.38675 0.11425 0 0 0.56463 0.6 0.1157 0.33898 0
1 0 1 1 0 1 0 0 1 1
0
0.71591
0.623 
#106.1
0 1 0.15385 0 1 1 0 1 0 1
0 0.11539 0.47368 0.82334 0.11461 0.27211 0.28889 0.06612 0 0
1 1 0 1 0 1 0 0 1 0
1
0.64773
0.55768 
#107.1
1 0 0.23077 0 1 0 1 1 0 1
0 0.19017 0.10911 0.89274 0.02472 0.89796 0.68889 0.23967 0.72881 1
0 1 0 1 0 0 1 1 0 1
0
0.875
0.52263 
#108.1
0 1 0.15385 0 0 1 0 1 0 1
0 0.30556 0.11168 0.85489 0.01798 0.4966 0.48889 0.08264 0.30509 1
0 1 0 1 0 0 1 1 0 1
0
0.625
0.66673 
#109.1
0 1 0.07692 0 0 1 0 1 0 1
0 0.70513 0.34788 0.81073 0.04494 0.55782 0.48889 0.14876 0.25424 0
1 0 1 0 1 1 0 0 1 1
0
0.59091
0.68868 
#110.1
1 0 0.07692 0 1 0 1 1 0 1
0 0.22008 0.10141 0.84858 0.02921 0.97279 0.91111 0.18595 0.67797 1
0 1 0 1 0 0 1 1 0 1
0
0.75
0.50134 
#111.1
0 1 0.23077 0 0 0 0 1 0 1
0 0.83974 0.09114 0 0 0 0 0 0 1
0 0 1 1 0 0 1 1 0 1
0
0.61364
0.69796 
#112.1
1 0 0.23077 0 1 0 1 1 0 1
0 0.21368 0.06033 0.84227 0.05618 0.95238 0.71111 0.28512 0.52542 1
0 1 0 1 0 0 1 1 0 1
0
0.44318
0.53138 
#113.1
1 0 0 0 1 0 1 0 0 0
0 0.16453 0.07317 0.82334 0.05393 0.83674 0.86667 0.1157 0.52542 1
0 1 0 1 0 0 1 1 0 1
0
0.375
0.4044 
#114.1
0 1 0.23077 0 0 0 1 1 0 1
0 0.19872 0.07831 0.84858 0.03371 0.7483 0.73333 0.19008 0.52542 1
0 1 0 1 0 0 1 1 0 1
0
0.71591
0.73662 
#115.1
1 0 0.23077 0 1 0 1 1 0 1
0 0.19658 0.07831 0.82334 0.03146 0 0.73333 0 0 1
0 1 0 1 0 0 1 1 0 1
0
0.46591
0.36461 
#116.1
1 0 0.23077 0 1 0 1 1 0 1
0 0.16239 0.0475 0.85489 0.02247 0.73469 0.77778 0.2562 0.57627 1
0 1 0 1 0 0 1 1 0 1
0
0.45455
0.5122 
#117.1
1 0 0.23077 0 1 0 1 1 0 1
0 0.16667 0.12452 0.85489 0.02247 0.7415 0.91111 0.18595 0.74576 1
0 1 0 1 0 0 1 1 0 1
0
0.63636
0.48999 
#118.1
1 0 0.15385 0 1 0 1 1 0 1
0 0 0 0 0 0.72789 0.86667 0.23141 0.38983 1
0 1 0 1 0 0 1 1 0 1
0
0.47727
0.43829 
#119.1
1 0 0.23077 0 1 0 1 1 0 1
0 0.20727 0.03466 0.91798 0.05393 0 0 0 0 1
0 1 0 1 0 0 1 1 0 1
0
0.43182
0.36061 
#120.1
0 1 0.38462 1 0 0 1 1 0 1
0 0.40812 0.0552 0.84858 0.03371 0 0 0 0 1
0 0 1 1 0 0 1 1 0 1
0
0.57955
0.52339 
#121.1
0 1 0.15385 0 0 0 0 1 0 1
0 0.17521 0.19384 0.85489 0.03146 0 0 0 0 0
1 1 0 1 0 1 0 0 1 1
0
0.40909
0.53504 
#122.1
1 0 0.07692 0 1 0 1 1 0 1
0 0.1859 0.06033 0.8612 0.04944 0.86395 0.71111 0.25207 0.52542 1
0 1 0 1 0 0 1 1 0 1
0
0.51136
0.53017 
#123.1
0 1 0 0 1 1 0 1 0 1
0 0 0 0 0 0 0 0 0 1
0 1 0 1 0 0 1 0 1 1
0
0
0.07355 
#124.1
0 1 0.23077 0 0 0 1 1 0 1
0 0.5812 0.17843 0.77918 0.06517 0.46939 0.51111 0.28099 0.30509 0
1 0 1 0 1 0 1 1 0 1
0
0.71591
0.75749 
#125.1
0 1 0.23077 0 0 0 1 1 0 1
0 0.21154 0.08857 0 0 0.83674 0.77778 0.23141 0.52542 0
1 0 1 1 0 0 1 1 0 1
0
0.52273
0.60227 
#126.1
0 1 0.15385 0 1 0 1 1 0 1
0 0.49359 0.38126 0.80442 0.06966 0.53061 0.48889 0.27273 0.22034 0
1 0 1 1 0 1 0 0 1 1
0
0.43182
0.69223 
#127.1
0 1 0.30769 0 0 0 1 1 0 1
0 0.26068 0.31707 0.82965 0.04719 0.60544 0.62222 0.24793 0.40678 0
1 0 1 1 0 1 0 0 1 1
0
0.77273
0.68601 
#128.1
0 1 0.30769 1 0 1 0 1 0 0
1 0 0.82285 0.76656 0.05169 0.33333 0.33333 0.08264 0.20339 0
1 0 1 0 1 1 0 0 1 0
1
0.625
0.58122 
#129.1
0 1 0.15385 0 0 0 0 1 0 1
0 0 0.11425 0 0 0.46259 0 0 0 1
0 0 1 1 0 1 0 0 1 1
0
0.77273
0.75187 
#130.1
1 0 0.07692 0 1 0 1 1 0 1
0 0.22436 0.11938 0.91798 0.02247 0.81633 0.95556 0.36364 0.44068 1
0 1 0 1 0 0 1 1 0 1
0
0.80682
0.5424 
#131.1
0 1 0.23077 0 0 0 1 1 0 1
0 0.14957 0.09114 0.85489 0.06067 0.38776 0.35556 0.35124 0.18644 0
1 1 0 0 1 0 1 0 1 1
0
0.71591
0.68343 
#132.1
0 1 0.15385 0 1 0 0 0 1 0
1 0.31838 0.38896 0 0 0 0 0 0 1
0 0 1 1 0 1 0 1 0 1
0
0.77273
0.82038 
#133.1
0 1 0.15385 0 0 0 0 1 0 1
0 0.21581 0.07574 0 0 0 0 0 0 1
0 0 1 1 0 0 1 1 0 1
0
0.82955
0.72326 
#134.1
1 0 0.23077 0 1 0 1 1 0 1
0 0.13034 0.12195 0.84858 0.01798 0.97959 0.68889 0.31818 0.44068 1
0 1 0 1 0 0 1 1 0 1
0
0.30682
0.52126 
#135.1
0 1 0.30769 0 0 0 1 1 0 1
0 0 0.0475 0 0 0.80952 0.86667 0 0 1
0 1 0 1 0 0 1 1 0 1
0
0.47727
0.52726 
#136.1
1 0 0.23077 0 1 0 1 1 0 1
0 0.16453 0.04493 0.89905 0.02247 0.71429 0.77778 0.21074 0.72881 1
0 1 0 1 0 0 1 1 0 1
0
0.40909
0.51164 
#137.1
0 1 0.23077 1 0 0 1 1 0 1
0 0 0.26059 0.80442 0.0764 0.63946 0 0 0 0
1 1 0 1 0 0 1 1 0 1
0
0.76136
0.67002 
#138.1
1 0 0.23077 0 1 0 1 1 0 1
0 0.21154 0.04493 0.86751 0.05393 0.80952 0.86667 0.19421 0.54237 1
0 1 0 1 0 0 1 1 0 1
0
0.26136
0.49698 
#139.1
0 1 0.15385 1 0 0 1 1 0 1
0 0.25 0.04493 0 0 0.65306 0.73333 0 0 1
0 1 0 1 0 1 0 1 0 1
0
0.36364
0.31977 
#140.1
0 1 0.23077 0 1 0 0 1 0 1
0 0.25214 0.17587 0.82965 0.0382 0.67347 0.68889 0.31405 0.35593 0
1 0 1 1 0 0 1 1 0 1
0
0.90909
0.73395 
#141.1
1 0 0.23077 0 1 0 1 1 0 1
0 0.10256 0.03723 0.84227 0.02247 0.72109 1 0.13223 0.62712 1
0 1 0 1 0 0 1 1 0 1
0
0.30682
0.46854 
#142.1
0 1 0.38462 1 0 0 1 1 0 1
0 0 0.04493 0 0 0.80952 0.77778 0.07851 0.52542 0
1 1 0 1 0 0 1 1 0 1
0
0.39773
0.50582 
#143.1
0 1 0.30769 1 0 0 1 1 0 1
0 0.17735 0.13222 0.82965 0.06067 0.54422 0.53333 0.34297 0.33898 1
0 1 0 1 0 0 1 1 0 1
0
0.65909
0.56938 
#144.1
0 1 0.15385 0 0 0 1 1 0 1
0 0.5 0.09884 0.86751 0.06966 0 0 0 0 1
0 1 0 1 0 0 1 1 0 1
0
0.76136
0.79724 
#145.1
0 1 0.15385 0 1 0 0 0 1 0
1 0.31838 0.38896 0 0 0 0 0 0 1
0 0 1 1 0 1 0 1 0 1
0
0.77273
0.82038 
#146.1
0 1 0.38462 0 0 0 1 1 0 1
0 0.51496 0.06547 0.82334 0.04045 0.65306 0.62222 0.38017 0.37288 0
1 0 1 0 1 0 1 1 0 1
0
0.65909
0.75715 
#147.1
1 0 0.15385 0 1 0 1 1 0 1
0 0.19444 0.06033 0.89274 0.05393 0.91157 0.95556 0.23967 0.50848 1
0 1 0 1 0 0 1 1 0 1
0
0.69318
0.50701 
#148.1
1 0 0.15385 0 1 0 1 1 0 1
0 0.13034 0.10398 0.84858 0.02697 0.89116 0.91111 0.29339 0.55932 1
0 1 0 1 0 0 1 1 0 1
0
0.76136
0.52134 
#149.1
1 0 0.23077 0 1 0 1 1 0 1
0 0.23504 0.08344 0.89905 0.02247 1 0.77778 0.10331 0.40678 1
0 1 0 1 0 0 1 1 0 1
0
0.68182
0.45307 
#150.1
0 1 0.15385 0 1 1 0 0 1 1
0 0.26068 0.181 0 0 0.44898 0.44444 0.80165 0.23729 0
1 0 1 1 0 1 0 1 0 0
1
0.65909
0.75485 
#151.1
0 1 0.07692 0 1 1 0 0 1 1
0 0.52564 0.21695 0.81704 0.05843 0.46939 0.44444 0.28926 0 0
1 0 1 1 0 0 1 1 0 1
0
0.48864
0.57895 
#152.1
1 0 0.15385 0 1 0 1 1 0 1
0 0.11325 0.07574 0.8612 0.02247 0.91157 1 0.23141 0.69491 1
0 1 0 1 0 0 1 1 0 1
0
0.45455
0.50933 
#153.1
0 1 0 0 0 0 0 1 0 1
0 0.15598 0.12709 0.86751 0.02247 0 0 0 0 1
0 1 0 1 0 0 1 1 0 1
0
0.80682
0.68776 
#154.1
0 1 0.30769 0 0 0 0 1 0 1
0 0 0.45828 0 0 0.53061 0.51111 0.16529 0.25424 0
1 0 1 0 1 0 1 1 0 1
0
0.65909
0.74857 
#155.1
1 0 0.07692 0 1 0 1 1 0 1
0 0.17094 0.06547 0.86751 0.05393 0.68708 0.77778 0.36364 0.55932 1
0 1 0 1 0 0 1 1 0 1
0
0.5
0.55558 
#156.1
1 0 0.23077 0 1 0 1 1 0 1
0 0.19017 0.10911 0.89274 0.02472 0.89796 0.68889 0.23967 0.72881 1
0 1 0 1 0 0 1 1 0 1
0
0.875
0.52263 
#157.1
1 0 0.07692 0 1 0 1 1 0 1
0 0.20299 0.11168 0.8612 0.0427 0.67347 1 0.21488 0.55932 1
0 1 0 1 0 0 1 1 0 1
0
0.46591
0.4953 
#158.1
0 1 0.30769 0 0 0 1 1 0 1
0 0.29274 0.09628 0.81073 0.05393 0.55782 0.55556 0.30579 0.32203 0
1 0 1 1 0 1 0 1 0 1
0
0.67045
0.73213 
#159.1
0 1 0.15385 0 0 0 1 1 0 1
0 0.17094 0.11938 0.83596 0.05618 0.59864 0.55556 0.20248 0.27119 0
1 0 1 1 0 0 1 0 1 1
0
0.73864
0.66385 
#160.1
1 0 0.15385 0 1 0 1 1 0 1
0 0 0 0 0 0.90476 0.75556 0.35537 0.61017 1
0 1 0 1 0 0 1 1 0 1
0
0.65909
0.51004 
#161.1
1 0 0.15385 0 0 0 0 1 0 1
0 0.17949 0.06033 0.91798 0.02472 0.80952 0.91111 0.30579 0.74576 1
0 1 0 1 0 0 1 1 0 1
0
0.47727
0.63993 
#162.1
1 0 0.23077 0 1 0 1 1 0 1
0 0.11325 0.05263 0.83596 0.05618 0.93197 0.93333 0.15702 0.74576 1
0 1 0 1 0 0 1 1 0 1
0
0.52273
0.48795 
#163.1
1 0 0.23077 0 1 0 1 1 0 1
0 0.16453 0.04493 0.89905 0.02247 0.71429 0.77778 0.21074 0.72881 1
0 1 0 1 0 0 1 1 0 1
0
0.40909
0.51164 
#164.1
0 1 0.15385 0 0 0 1 1 0 1
0 0.15171 0.1656 0.83596 0.04494 0.57823 0.6 0.40083 0.30509 1
0 0 1 1 0 0 1 1 0 1
0
0.71591
0.63658 
#165.1
1 0 0.23077 0 1 0 1 1 0 1
0 0.20299 0.11425 0.83596 0.05618 0.89116 0.8 0.26446 0.52542 1
0 1 0 1 0 0 1 1 0 1
0
0.48864
0.5075 
#166.1
1 0 0.23077 0 1 0 1 1 0 1
0 0.17521 0.06804 0.86751 0.05169 0.96599 0.95556 0.24793 0.45763 1
0 1 0 1 0 0 1 1 0 1
0
0.60227
0.49606 
#167.1
0 1 0.53846 0 0 0 1 1 0 1
0 0.17308 0.04236 0 0 0 0 0 0 1
0 1 0 1 0 0 1 1 0 1
0
0.59091
0.66618 
#168.1
0 1 0.23077 0 0 0 1 1 0 1
0 0.17308 0 0 0 0.59864 0.6 0.27273 0 1
0 1 0 1 0 0 1 1 0 1
0
0.38636
0.46837 
#169.1
0 1 0.30769 1 0 1 0 1 0 0
1 0.34615 0.24929 0.84227 0.03146 0.18367 0 0 0 0
1 0 1 0 1 1 0 1 0 1
0
0.77273
0.80221 
#170.1
1 0 0.23077 0 1 0 1 1 0 1
0 0.15171 0.0398 0.82965 0.03146 0.92517 0.91111 0.16529 0.52542 1
0 1 0 1 0 0 1 1 0 1
0
0.14773
0.48175 
#171.1
0 1 0 0 0 0 1 1 0 1
0 0.51068 0.14506 0.68454 0.01124 0 0 0.08264 0.22034 0
1 1 0 1 0 0 1 1 0 1
0
0.65909
0.72622 
#172.1
1 0 0.07692 0 1 0 1 1 0 1
0 0.23077 0.10141 0.8612 0.0427 0.84354 0.95556 0.08678 0.62712 1
0 1 0 1 0 0 1 1 0 1
0
0.35227
0.45968 
#173.1
1 0 0.23077 0 1 0 1 1 0 1
0 0.23291 0.02182 0.89274 0.05618 0.77551 0.71111 0.35124 0.50848 1
0 1 0 1 0 0 1 1 0 1
0
0.65909
0.55258 
#174.1
0 1 0.07692 0 0 0 0 1 0 1
0 0.22008 0.05006 0.83596 0.02022 0.80952 0.82222 0 0 0
1 0 1 1 0 0 1 0 1 1
0
0.59091
0.69842 
#175.1
1 0 0.23077 0 1 0 1 1 0 1
0 0.21795 0.10911 0.85489 0.05393 0.80272 0.71111 0.19835 0.61017 1
0 1 0 1 0 0 1 1 0 1
0
0.51136
0.49195 
#176.1
0 1 0.46154 1 0 0 1 0 1 1
0 0.17949 0.54814 0.72871 0.07191 0.37415 0.37778 0.1157 0.0678 0
1 1 0 0 1 0 1 1 0 0
1
0.52273
0.63578 
#177.1
1 0 0.07692 0 1 0 1 1 0 1
0 0.21581 0.11425 0.82334 0.05618 0.85714 0.91111 0.16942 0.45763 1
0 1 0 1 0 0 1 1 0 1
0
0.5
0.47348 
#178.1
1 0 0.15385 0 1 0 1 1 0 1
0 0.14103 0.10398 0.82965 0.02247 0.69388 0.86667 0.19835 0.47458 1
0 1 0 1 0 0 1 1 0 1
0
0.26136
0.47425 
#179.1
0 1 0.23077 0 0 0 0 1 0 1
0 0.47863 0.05777 0 0 0.71429 0.68889 0.26033 0.44068 0
1 0 1 1 0 0 1 1 0 1
0
0.68182
0.71044 
#180.1
0 1 0.30769 0 0 0 0 1 0 1
0 0.25855 0.22208 0 0 0 0 0 0 0
1 0 1 1 0 1 0 0 1 1
0
0.60227
0.63462 
#181.1
0 1 0.30769 1 0 1 0 1 0 1
0 0.47008 0.33505 0.85489 0.0382 0.36054 0.37778 0 0.15254 0
1 0 1 1 0 1 0 0 1 0
1
0.61364
0.52313 
#182.1
0 1 0.07692 0 1 0 1 1 0 1
0 0.11966 0.06547 0 0 0.62585 0.71111 0.18595 0 1
0 1 0 1 0 1 0 0 1 1
0
0.06818
0.16557 
#183.1
1 0 0.15385 0 1 0 1 1 0 1
0 0.16026 0.06547 0.88643 0.05169 0.72789 0.88889 0.17355 0.45763 1
0 1 0 1 0 0 1 1 0 1
0
0.70455
0.47676 
#184.1
0 1 0.23077 0 0 0 0 1 0 1
0 0.68162 0.09114 0 0 0.62585 0.71111 0.19421 0.47458 0
1 0 1 1 0 0 1 1 0 0
1
0.73864
0.73538 
#185.1
0 1 0.07692 0 0 0 0 1 0 1
0 0.11539 0.10911 0.77287 0.04045 0 0 0 0 1
0 1 0 1 0 1 0 0 1 0
1
0.28409
0.18512 
#186.1
0 1 0.30769 1 0 1 0 1 0 1
0 0 0.56868 0.68454 0.08989 0.16327 0.13333 0.01653 0.11864 0
1 0 1 1 0 1 0 0 1 0
1
0.34091
0.45962 
#187.1
0 1 0.07692 0 0 1 0 0 1 1
0 1 0.13736 0 0 0.42857 0.42222 0 0 0
1 0 1 1 0 0 1 1 0 0
1
0.54545
0.4901 
#188.1
0 1 0.38462 1 0 1 0 1 0 1
0 0.22863 0.4018 0.74133 0.01573 0.34014 0.33333 0.30579 0.23729 0
1 0 1 1 0 1 0 0 1 0
1
0.53409
0.5783 
#189.1
1 0 0.23077 0 1 0 1 1 0 1
0 0.21368 0.06033 0.84227 0.05618 0.95238 0.71111 0.28512 0.52542 1
0 1 0 1 0 0 1 1 0 1
0
0.44318
0.53138 
#190.1
0 1 0.38462 1 0 1 0 0 1 1
0 0.58333 0.22721 0.85489 0.00899 0.41497 0.46667 0.19835 0.18644 0
1 0 1 0 1 1 0 1 0 1
0
0.80682
0.81788 
#191.1
0 1 0.30769 0 0 0 0 1 0 1
0 0.32051 0.11425 0.8612 0.06742 0.44218 0.46667 0 0 0
1 0 1 1 0 0 1 1 0 0
1
0.84091
0.70798 
#192.1
0 1 0.30769 0 1 1 0 1 0 1
0 0.2735 0.04236 0.85489 0.0382 0 0 0 0 1
0 1 0 1 0 1 0 0 1 0
1
0.59091
0.60438 
#193.1
1 0 0.07692 0 1 0 1 1 0 1
0 0.14744 0.12195 0.82334 0.04494 0.70748 0.86667 0.26446 0.47458 1
0 1 0 1 0 0 1 1 0 1
0
0.36364
0.50247 
#194.1
0 1 0.30769 0 0 1 0 0 1 1
0 0.21795 0.13222 0 0 0.59864 0.66667 0 0 1
0 1 0 1 0 0 1 1 0 1
0
0.79545
0.88677 
#195.1
1 0 0.23077 0 1 0 1 1 0 1
0 0.23504 0.05777 0.85489 0.03596 0.76871 0.91111 0.1157 0.40678 1
0 1 0 1 0 0 1 1 0 1
0
0.45455
0.45409 
#196.1
0 1 0 0 1 1 0 1 0 1
0 0.46795 0.48652 0.69085 0.00899 0.44218 0.48889 0.55785 0.28814 1
0 0 1 1 0 0 1 0 1 1
0
0.64773
0.61228 
#197.1
0 1 0.15385 0 1 0 0 1 0 1
0 0.48291 0.07317 0.84227 0.06292 0 0 0 0 0
1 0 1 1 0 0 1 1 0 1
0
0.72727
0.63994 
#198.1
0 1 0.30769 0 0 0 1 1 0 1
0 0.3141 0.11938 0.84227 0.00899 0.70068 0.84444 0.36364 0.67797 0
1 1 0 1 0 0 1 1 0 1
0
0.68182
0.7022 
#199.1
0 1 0.07692 0 0 0 0 1 0 1
0 0.18376 0.17073 0 0 0 0 0 0 0
1 0 1 1 0 0 1 1 0 1
0
0.81818
0.72772 
#200.1
0 1 0 0 1 0 1 1 0 1
0 0 0.05263 0 0 0.51701 0.55556 0.41736 0 1
0 1 0 1 0 0 1 1 0 1
0
0.01136
0.07125 
#201.1
0 1 0.30769 1 0 1 0 1 0 1
0 0.53632 0.59949 0.80442 0.02022 0.35374 0.28889 0.5124 0.13559 0
1 0 1 1 0 1 0 0 1 0
1
0.60227
0.62804 
#202.1
1 0 0.07692 0 1 0 1 1 0 1
0 0.14103 0.12452 0.89905 0.02697 0.95918 0.97778 0.15702 0.40678 1
0 1 0 1 0 0 1 1 0 1
0
0.81818
0.44917 
#203.1
1 0 0.23077 0 1 0 1 1 0 1
0 0.23718 0.0398 0.82334 0.05169 0.68708 0.71111 0.19008 0.54237 1
0 1 0 1 0 0 1 1 0 1
0
0.60227
0.48778 
#204.1
0 1 0.30769 1 0 1 0 1 0 1
0 0.22863 0.27086 0.79811 0.05169 0.40816 0.44444 0.17355 0.22034 0
1 1 0 1 0 0 1 1 0 1
0
0.61364
0.65081 
#205.1
0 1 0.30769 0 0 0 0 1 0 1
0 0.14316 0.2991 0.77287 0.0427 0.19728 0.17778 0.17769 0 0
1 0 1 1 0 0 1 0 1 0
1
0.54545
0.64731 
#206.1
1 0 0.15385 0 1 0 1 1 0 1
0 0.18162 0.03723 0.85489 0.02472 0.71429 0.73333 0.36364 0.47458 1
0 1 0 1 0 0 1 1 0 1
0
0.72727
0.54862 
#207.1
1 0 0.07692 0 1 0 1 1 0 1
0 0.23504 0.04236 0.89905 0.04944 0.72109 0.8 0.21901 0.59322 1
0 1 0 1 0 0 1 1 0 1
0
0.61364
0.52425 
#208.1
1 0 0.07692 0 1 0 1 1 0 1
0 0.12179 0.12452 0.88643 0.05618 0.9864 0.93333 0.17769 0.49152 1
0 1 0 1 0 0 1 1 0 1
0
0.29545
0.46281 
#209.1
1 0 0.07692 0 1 0 1 1 0 1
0 0.20086 0.0629 0.89274 0.05393 0.86395 0.8 0.22727 0.52542 0
0 0 0 0 0 0 1 1 0 1
0
0.57955
0.52819 
#210.1
0 1 0.30769 0 0 0 1 1 0 1
0 0.40812 0.17073 0.89274 0.08539 0.42177 0 0 0 0
1 0 1 1 0 0 1 1 0 1
0
0.5
0.58379 
#211.1
0 1 0.30769 0 1 0 1 1 0 1
0 0.32051 0.20667 0.88643 0.08539 0.38776 0.48889 0 0 0
1 0 1 1 0 0 1 0 1 0
1
0.71591
0.62452 
#212.1
1 0 0.23077 0 1 0 1 1 0 1
0 0.14316 0.10398 0.84858 0.05618 0.92517 0.95556 0.33058 0.49152 1
0 1 0 1 0 0 1 1 0 1
0
0.31818
0.51813 
#213.1
1 0 0.07692 0 1 0 1 0 0 0
0 0.19658 0.0629 0.8612 0.0382 0.80952 0.75556 0.28926 0.62712 1
0 1 0 1 0 0 1 1 0 1
0
0.48864
0.48387 
#214.1
0 1 0.23077 0 0 1 0 1 0 1
0 0.18162 0.03466 0.8612 0.0382 0.59184 0.62222 0.33058 0.35593 1
0 1 0 1 0 0 1 1 0 1
0
0.48864
0.38765 
#215.1
1 0 0.23077 0 1 0 1 1 0 1
0 0.21368 0.07831 0.84858 0.03146 0.94558 0.71111 0.1405 0.47458 1
0 1 0 1 0 0 1 1 0 1
0
0.53409
0.47232 
#216.1
0 1 0.38462 1 0 1 0 1 0 0
1 0.30128 0.13479 0.85489 0.04719 0.32653 0.37778 0.21901 0.22034 0
1 0 1 1 0 0 1 0 1 1
0
0.70455
0.65597 
#217.1
0 1 0.30769 0 0 1 0 0 1 1
0 0.94231 0.16046 0.82334 0.03596 0.61905 0.68889 0.31405 0.42373 0
1 0 1 1 0 0 1 1 0 0
1
0.70455
0.71412 
#218.1
0 1 0.30769 1 0 1 0 1 0 1
0 0 0.56868 0.68454 0.08989 0.16327 0.13333 0.01653 0.11864 0
1 0 1 1 0 1 0 0 1 0
1
0.34091
0.45962 
#219.1
1 0 0.07692 0 1 0 1 1 0 1
0 0.19231 0.10911 0.86751 0.05393 0.77551 0.77778 0.29752 0.72881 1
0 1 0 1 0 0 1 1 0 1
0
0.52273
0.5455 
#220.1
1 0 0.07692 0 1 0 1 1 0 1
0 0.17735 0.09628 0.82334 0.03146 0.78912 0.75556 0.14876 0.69491 1
0 1 0 1 0 0 1 1 0 1
0
0.375
0.49248 
#221.1
0 1 0.38462 1 0 1 0 1 0 1
0 0.22863 0.4018 0.74133 0.01573 0.34014 0.33333 0.30579 0.23729 0
1 0 1 1 0 1 0 0 1 0
1
0.53409
0.5783 
#222.1
0 1 0.15385 0 0 0 0 1 0 1
0 0.19017 0.37099 0.8612 0.04944 0.53742 0.57778 0.26446 0.42373 1
0 1 0 1 0 0 1 1 0 1
0
0.59091
0.63861 
#223.1
0 1 0.15385 0 1 0 1 1 0 1
0 0 0.26829 0.83596 0.05393 0.20408 0.22222 0.17769 0 0
1 1 0 1 0 0 1 1 0 0
1
0.73864
0.60152 
#224.1
1 0 0.07692 0 1 0 1 1 0 1
0 0.1859 0.09628 0.88013 0.02247 0.73469 0.86667 0.30579 0.45763 1
0 1 0 1 0 0 1 1 0 1
0
0.71591
0.52986 
#225.1
0 1 0 0 1 1 0 1 0 1
0 0.82906 0.07574 0 0 0.63265 0.77778 0.19421 0.49152 1
0 0 1 1 0 0 1 0 1 1
0
0.25
0.33854 
#226.1
0 1 0.30769 0 0 0 1 1 0 0
1 0.27992 0.19127 0 0 0 0 0 0 1
0 1 0 1 0 1 0 1 0 1
0
0.72727
0.80895 
#227.1
1 0 0.23077 0 1 0 1 1 0 1
0 0.12607 0.03466 0.8612 0.02472 0.80952 0.82222 0.34297 0.54237 1
0 1 0 1 0 0 1 1 0 1
0
0.65909
0.54536 
#228.1
0 1 0.15385 0 0 0 1 0 1 1
0 0.39744 0.181 0.84227 0.07416 0.44898 0.42222 0.41322 0.22034 0
1 0 1 0 1 1 0 0 1 1
0
0.75
0.81851 
#229.1
0 1 0 0 0 0 0 1 0 1
0 0.15598 0.12709 0.86751 0.02247 0 0 0 0 1
0 1 0 1 0 0 1 1 0 1
0
0.80682
0.68776 
#230.1
0 1 0.38462 0 0 0 1 1 0 1
0 0.38889 0.0706 0.84858 0.0382 0.44898 0.53333 0.28926 0.40678 0
1 1 0 1 0 0 1 1 0 0
1
0.51136
0.62222 
#231.1
1 0 0.07692 0 0 0 0 1 0 1
0 0.2094 0.09884 0.85489 0.04719 0.87755 0.75556 0.09504 0.47458 1
0 1 0 1 0 0 1 1 0 1
0
0.77273
0.5886 
#232.1
0 1 0.30769 0 0 0 1 1 0 1
0 0.15385 0.06033 0.79811 0.02697 0 0 0 0 0
1 1 0 1 0 0 1 0 1 0
1
0.68182
0.57995 
#233.1
0 1 0.07692 0 0 0 1 1 0 1
0 0.14744 0.12709 0.80442 0.02921 0.46939 0.51111 0.28512 0.32203 0
1 0 1 1 0 1 0 0 1 1
0
0.71591
0.71678 
#234.1
1 0 0.15385 0 1 0 1 1 0 1
0 0.25214 0.0552 0.85489 0.04944 0.89796 0.86667 0.14876 0.59322 1
0 1 0 1 0 0 1 1 0 1
0
0.25
0.49337 
#235.1
0 1 0.23077 0 0 1 0 1 0 1
0 0.18162 0.03466 0.8612 0.0382 0.59184 0.62222 0.33058 0.35593 1
0 1 0 1 0 0 1 1 0 1
0
0.48864
0.38765 
#236.1
0 1 0.23077 0 0 0 0 1 0 1
0 0 0 0 0 0 0 0 0 1
0 0 1 1 0 0 1 1 0 1
0
0.65909
0.71963 
#237.1
0 1 0.38462 1 0 1 0 1 0 1
0 0.25214 0.13736 0 0 0.47619 0.44444 0 0 0
1 1 0 1 0 1 0 1 0 1
0
0.65909
0.71154 
#238.1
1 0 0.07692 0 1 0 1 1 0 1
0 0.12179 0.12452 0.88643 0.05618 0.9864 0.93333 0.17769 0.49152 1
0 1 0 1 0 0 1 1 0 1
0
0.29545
0.46281 
#239.1
1 0 0.15385 0 1 0 1 0 0 0
0 0.23291 0.0706 0.88643 0.05393 0 0.8 0.26446 0.74576 1
0 1 0 1 0 0 1 1 0 1
0
0.29545
0.40142 
#240.1
0 1 0.15385 0 1 1 0 0 1 1
0 0.20299 0.12965 0.82965 0.02921 0.46939 0.46667 0.69835 0.27119 1
0 1 0 1 0 0 1 1 0 1
0
0.48864
0.48368 
#241.1
0 1 0.23077 0 0 0 0 1 0 1
0 0.11111 0.1656 0.82965 0.06517 0.40816 0.35556 0 0 0
1 0 1 0 1 0 1 0 1 1
0
0.71591
0.76759 
#242.1
1 0 0.23077 0 1 0 1 1 0 1
0 0.10256 0.08857 0.91798 0.04719 0.94558 0.95556 0.31405 0.49152 1
0 1 0 1 0 0 1 1 0 1
0
0.23864
0.51401 
#243.1
1 0 0.23077 0 1 0 1 1 0 1
0 0.20727 0.0398 0.82334 0.04944 0.83674 0.73333 0.16529 0.69491 1
0 1 0 1 0 0 1 1 0 1
0
0.625
0.50164 
#244.1
1 0 0.07692 0 1 0 1 1 0 1
0 0.19231 0.10911 0.86751 0.05393 0.77551 0.77778 0.29752 0.72881 1
0 1 0 1 0 0 1 1 0 1
0
0.52273
0.5455 
#245.1
0 1 0.15385 0 0 0 0 1 0 1
0 0.16239 0.21695 0.82334 0.02022 0.45578 0 0 0 0
1 0 1 0 1 1 0 0 1 1
0
0.75
0.76341 
#246.1
0 1 0.23077 0 0 0 1 1 0 1
0 0 0.0398 0 0 0.80952 0.8 0.26446 0 1
0 1 0 1 0 0 1 1 0 1
0
0.10227
0.22263 
#247.1
0 1 0.15385 1 0 1 0 1 0 1
0 0.25 0.0706 0 0 0.5034 0.51111 0 0 0
1 1 0 1 0 0 1 0 1 1
0
0.71591
0.64686 
#248.1
0 1 0.30769 0 0 0 1 1 0 1
0 0.60043 0.07317 0.82965 0.03596 0.67347 0.64444 0.28926 0.42373 0
1 0 1 1 0 0 1 1 0 1
0
0.78409
0.71664 
#249.1
0 1 0.07692 0 0 0 0 1 0 1
0 0.22008 0.05006 0.83596 0.02022 0.80952 0.82222 0 0 0
1 0 1 1 0 0 1 0 1 1
0
0.59091
0.69842 
#250.1
0 1 0.46154 0 0 0 1 1 0 1
0 0.23077 0.03723 0 0 0 0 0 0 1
0 1 0 1 0 0 1 1 0 1
0
0.5
0.65116 
#251.1
0 1 0.15385 0 0 0 1 1 0 1
0 0.1688 0.26829 0.82334 0.04045 0 0 0 0 1
0 1 0 1 0 1 0 1 0 1
0
0.31818
0.44062 
#252.1
0 1 0.30769 0 0 0 1 1 0 1
0 0.21581 0.04493 0.86751 0.02921 0.58503 0.55556 0.38017 0.44068 1
0 1 0 1 0 0 1 1 0 1
0
0.69318
0.73635 
#253.1
0 1 0 0 0 0 1 1 0 1
0 0 0.03723 0.84227 0.01573 0.34014 0 0 0 1
0 1 0 1 0 0 1 1 0 0
1
0.03409
0.11767 
#254.1
0 1 0.38462 0 1 0 1 1 0 0
1 0.15171 0.0475 0.89274 0.04494 0 0 0 0 1
0 1 0 1 0 1 0 1 0 1
0
0.55682
0.6442 
#255.1
1 0 0.23077 0 1 0 1 1 0 1
0 0.11325 0.05263 0.83596 0.05618 0.93197 0.93333 0.15702 0.74576 1
0 1 0 1 0 0 1 1 0 1
0
0.52273
0.48795 
#256.1
1 0 0.15385 0 1 0 1 1 0 1
0 0.12607 0.04236 0.88643 0.05618 0.78912 0.77778 0.31405 0.66102 1
0 1 0 1 0 0 1 1 0 1
0
0.78409
0.54893 
#257.1
1 0 0.15385 0 1 0 1 1 0 1
0 0.16667 0.0706 0.86751 0.04494 0.76191 0.75556 0.18595 0.64407 1
0 1 0 1 0 0 1 1 0 1
0
0.34091
0.49798 
#258.1
0 1 0.07692 1 0 1 0 0 1 1
0 0 0.12709 0 0 0.61225 0 0.33471 0 1
0 1 0 1 0 0 1 1 0 1
0
0.11364
0.18484 
#259.1
0 1 0.15385 0 0 0 1 1 0 1
0 0.18162 0.03466 0 0 0.65986 0.64444 0 0 1
0 1 0 1 0 0 1 1 0 1
0
0.70455
0.55522 
#260.1
1 0 0.23077 0 1 0 1 1 0 1
0 0.24573 0.11425 0.84858 0.05618 0.7483 0.8 0.30165 0.42373 1
0 1 0 1 0 0 1 1 0 1
0
0.54545
0.5098 
#261.1
0 1 0.38462 0 1 1 0 0 1 1
0 0.24786 0.15019 0 0 0.52381 0.53333 0.30579 0.32203 0
1 0 1 1 0 0 1 1 0 0
1
0.56818
0.48736 
#262.1
0 1 0 0 1 0 1 1 0 1
0 0 0.05263 0 0 0.51701 0.55556 0.41736 0 1
0 1 0 1 0 0 1 1 0 1
0
0.01136
0.07125 
#263.1
1 0 0 0 1 0 1 1 0 1
0 0.14957 0.04493 0.91798 0.05169 0.80272 0.86667 0.10331 0.55932 1
0 1 0 1 0 0 1 1 0 1
0
0.54545
0.48375 
#264.1
1 0 0.23077 0 1 0 1 1 0 1
0 0.23077 0.07317 0.87382 0.05618 0.87075 0.8 0.23141 0.40678 1
0 1 0 1 0 0 1 1 0 1
0
0.46591
0.49753 
#265.1
1 0 0.23077 0 1 0 1 1 0 1
0 0.12821 0.12195 0.89905 0.0427 0.87075 0.82222 0.28512 0.44068 1
0 1 0 1 0 0 1 1 0 1
0
0.48864
0.50223 
#266.1
1 0 0.23077 0 1 0 1 1 0 1
0 0.19658 0.07831 0.82334 0.03146 0 0.73333 0 0 1
0 1 0 1 0 0 1 1 0 1
0
0.46591
0.36461 
#267.1
0 1 0.15385 0 0 0 1 1 0 1
0 0.21154 0.0475 0.81073 0.02247 0.53061 0.51111 0 0 1
0 0 1 1 0 0 1 1 0 1
0
0.42045
0.50741 
#268.1
0 1 0.23077 0 0 0 1 1 0 1
0 0.19872 0.07831 0.84858 0.03371 0.7483 0.73333 0.19008 0.52542 1
0 1 0 1 0 0 1 1 0 1
0
0.71591
0.73662 
#269.1
0 1 0.15385 0 0 0 0 1 0 1
0 0 0.55841 0.7918 0.02921 0.19728 0 0 0 0
1 1 0 1 0 0 1 1 0 0
1
0.36364
0.43368 
#270.1
0 1 0.15385 0 0 0 1 1 0 1
0 0.16453 0.06033 0 0 0.56463 0 0 0 1
0 1 0 1 0 1 0 0 1 1
0
0.60227
0.52807 
#271.1
1 0 0.15385 0 1 0 1 1 0 1
0 0 0 0 0 0.90476 0.75556 0.35537 0.61017 1
0 1 0 1 0 0 1 1 0 1
0
0.65909
0.51004 
#272.1
1 0 0.23077 0 1 0 1 1 0 1
0 0.16667 0.09114 0.86751 0.03371 0.93878 0.95556 0.18595 0.66102 1
0 1 0 1 0 0 1 1 0 1
0
0.35227
0.48724 
#273.1
1 0 0.07692 0 1 0 1 1 0 1
0 0.19017 0.08601 0.82334 0.03596 0.89116 0.91111 0.13636 0.61017 1
0 1 0 1 0 0 1 1 0 1
0
0.39773
0.48123 
#274.1
0 1 0.30769 1 0 0 1 1 0 1
0 0.52991 0.09628 0 0 0.60544 0.6 0.31405 0.47458 0
1 0 1 1 0 1 0 1 0 0
1
0.71591
0.72884 
#275.1
1 0 0.23077 0 1 0 1 1 0 1
0 0.16667 0.12452 0.85489 0.02247 0.7415 0.91111 0.18595 0.74576 1
0 1 0 1 0 0 1 1 0 1
0
0.63636
0.48999 
#276.1
0 1 0.07692 0 1 1 0 0 1 1
0 0.36325 0.0398 0.7918 0.04045 0 0 0.30165 0 0
1 0 1 1 0 1 0 1 0 1
0
0.71591
0.6901 
#277.1
1 0 0.23077 0 1 0 1 1 0 1
0 0.23291 0.02182 0.89274 0.05618 0.77551 0.71111 0.35124 0.50848 1
0 1 0 1 0 0 1 1 0 1
0
0.65909
0.55258 
#278.1
0 1 0.15385 0 0 0 1 1 0 1
0 0.17094 0.11938 0.83596 0.05618 0.59864 0.55556 0.20248 0.27119 0
1 0 1 1 0 0 1 0 1 1
0
0.73864
0.66385 
#279.1
0 1 0.30769 1 0 1 0 1 0 1
0 0.47008 0.33505 0.85489 0.0382 0.36054 0.37778 0 0.15254 0
1 0 1 1 0 1 0 0 1 0
1
0.61364
0.52313 
#280.1
1 0 0.23077 0 1 0 1 1 0 1
0 0.23718 0.11938 0.89905 0.04045 0.79592 0.82222 0.18182 0.57627 1
0 1 0 1 0 0 1 1 0 1
0
0.625
0.48519 
#281.1
0 1 0 0 0 0 1 1 0 1
0 0 0.03723 0.84227 0.01573 0.34014 0 0 0 1
0 1 0 1 0 0 1 1 0 0
1
0.03409
0.11767 
#282.1
0 1 0.07692 0 0 0 0 1 0 1
0 0.31838 0.0629 0 0 0 0 0 0 0
1 1 0 1 0 1 0 1 0 1
0
0.76136
0.67668 
#283.1
1 0 0.23077 0 1 0 1 1 0 1
0 0.23291 0.04236 0.8612 0.02247 0.86395 0.97778 0.19008 0.67797 1
0 1 0 1 0 0 1 1 0 1
0
0.63636
0.51099 
#284.1
0 1 0.15385 0 0 0 1 1 0 1
0 0.90812 0.10141 0.79811 0.03146 0.63946 0.53333 0.30579 0.38983 0
1 0 1 1 0 0 1 1 0 1
0
0.72727
0.72434 
#285.1
0 1 0.23077 0 0 0 1 1 0 1
0 0.32051 0.07831 0 0 0.55102 0.6 0 0 1
0 0 1 0 1 1 0 1 0 1
0
0.65909
0.59138 
#286.1
1 0 0.23077 0 1 0 1 1 0 1
0 0.16453 0.06033 0.82334 0.02697 0.80952 0.95556 0.16942 0.54237 1
0 1 0 1 0 0 1 1 0 1
0
0.56818
0.47805 
#287.1
0 1 0.30769 0 0 0 1 1 0 1
0 0.46154 0.14249 0 0 0.45578 0.42222 0.23967 0.20339 0
1 0 1 1 0 1 0 1 0 1
0
0.75
0.64826 
#288.1
1 0 0.07692 0 1 0 1 1 0 1
0 0.24786 0.03466 0.82334 0.0427 0 0 0 0 1
0 1 0 1 0 0 1 1 0 1
0
0.31818
0.3441 
#289.1
0 1 0.30769 0 1 1 0 0 1 0
1 0.2265 0.53017 0.81704 0.05169 0.34694 0.28889 0.58264 0.1017 1
0 1 0 1 0 1 0 0 1 0
1
0.54545
0.40147 
#290.1
0 1 0.23077 0 1 0 1 1 0 1
0 0.85684 0.13222 0 0 0.44218 0.48889 0.21901 0 1
0 0 1 1 0 1 0 1 0 0
1
0.68182
0.56874 
#291.1
0 1 0.30769 1 0 1 0 0 1 1
0 0.15171 0.38896 0.84858 0.04045 0.45578 0.55556 0.31405 0 1
0 1 0 1 0 1 0 0 1 0
1
0.45455
0.48427 
#292.1
0 1 0.15385 0 0 0 1 1 0 1
0 0.2906 0.12195 0.82334 0.04944 0.54422 0 0 0 0
1 1 0 1 0 1 0 0 1 1
0
0.82955
0.72066 
#293.1
0 1 0.23077 0 1 1 0 1 0 1
0 0.15598 0.41463 0.82965 0.02921 0.45578 0.51111 0.19421 0.22034 0
1 1 0 1 0 0 1 1 0 0
1
0.52273
0.60396 
#294.1
0 1 0 0 0 0 0 1 0 1
0 0.12393 0.1656 0.86751 0.02472 0.61905 0.64444 0 0 1
0 1 0 1 0 0 1 1 0 1
0
0.06818
0.18664 
#295.1
0 1 0.15385 0 0 0 1 1 0 1
0 0.1859 0.07831 0.84858 0.04944 0 0 0 0 1
0 1 0 1 0 1 0 1 0 1
0
0.54545
0.38864 
#296.1
0 1 0 0 0 0 1 1 0 1
0 0 0.04236 0 0 0.55782 0.64444 0.15702 0 1
0 1 0 1 0 0 1 1 0 1
0
0.05682
0.07529 
#297.1
0 1 0 0 1 0 1 1 0 1
0 0 0.11425 0.82334 0.02921 0 0 0 0 1
0 1 0 1 0 0 1 0 1 1
0
0.06818
0.13307 
#298.1
1 0 0.07692 0 1 0 1 1 0 1
0 0.17735 0.12195 0.91798 0.04944 0.85714 0.77778 0.33884 0.69491 1
0 1 0 1 0 0 1 1 0 1
0
0.625
0.55711 
#299.1
0 1 0.07692 0 0 1 0 0 1 1
0 0.16667 0.07574 0 0 0.4898 0.46667 0.1281 0.27119 0
1 1 0 0 1 0 1 1 0 1
0
0.68182
0.5881 
#300.1
0 1 0.23077 0 1 1 0 0 1 0
1 0.28846 0.22721 0.7918 0.08764 0.17007 0.15556 0.36364 0.08475 0
1 0 1 0 1 1 0 0 1 1
0
0.75
0.83138 
#301.1
0 1 0.15385 0 0 0 0 1 0 1
0 0.45085 0.12477 0 0 0.58503 0 0 0 1
0 0 1 1 0 0 1 1 0 1
0
0.59091
0.74092 
#302.1
1 0 0.23077 0 1 0 1 1 0 1
0 0.25214 0.02182 0.82334 0.05618 0.80952 0.86667 0.33884 0.40678 1
0 1 0 1 0 0 1 1 0 1
0
0.43182
0.54276 
#303.1
1 0 0.23077 0 0 0 0 1 0 1
0 0.15171 0.08087 0.88013 0.04494 0.69388 0.95556 0.2438 0.52542 1
0 1 0 1 0 0 1 1 0 1
0
0.51136
0.59039 
#304.1
0 1 0.30769 0 0 0 1 1 0 1
0 0.15171 0.3941 0.80442 0.05393 0 0 0 0 0
1 0 1 0 1 1 0 1 0 1
0
0.84091
0.7503 
#305.1
0 1 0.30769 0 0 0 1 1 0 1
0 0 0 0 0 0 0 0.31405 0 1
0 0 1 1 0 1 0 1 0 0
1
0.67045
0.7709 
#306.1
0 1 0.46154 0 0 0 1 1 0 1
0 0.48932 0.12965 0 0 0 0 0.45454 0.44068 0
1 0 1 1 0 0 1 1 0 1
0
0.63636
0.78728 
#307.1
0 1 0.15385 0 1 1 0 0 1 0
1 0.41026 0.24262 0.72871 0.03146 0.42857 0.42222 0.3843 0.20339 0
1 0 1 0 1 0 1 0 1 0
1
0.76136
0.74679 
#308.1
1 0 0.23077 0 1 0 1 1 0 1
0 0.13462 0.03723 0.86751 0.03596 0.85034 0.77778 0.14876 0.71186 1
0 1 0 1 0 0 1 1 0 1
0
0.38636
0.49332 
#309.1
0 1 0.30769 0 0 0 1 1 0 1
0 0.26068 0.31707 0.82965 0.04719 0.60544 0.62222 0.24793 0.40678 0
1 0 1 1 0 1 0 0 1 1
0
0.77273
0.68601 
#310.1
1 0 0.23077 0 1 0 1 1 0 1
0 0.16667 0.0629 0.83596 0.0427 0.86395 0.88889 0.18182 0.55932 1
0 1 0 1 0 0 1 1 0 1
0
0.11364
0.48613 
#311.1
0 1 0.38462 0 0 0 1 0 1 1
0 0.29915 0.1656 0.82965 0.0427 0.4898 0.53333 0 0 0
1 0 1 1 0 1 0 0 1 1
0
0.59091
0.60439 
#312.1
1 0 0.23077 0 1 0 1 1 0 1
0 0.20727 0.03466 0.91798 0.05393 0 0 0 0 1
0 1 0 1 0 0 1 1 0 1
0
0.43182
0.36061 
#313.1
1 0 0.23077 0 1 0 1 1 0 1
0 0.22008 0.05263 0.84858 0.04719 0.91157 0.75556 0.10331 0.42373 1
0 1 0 1 0 0 1 1 0 1
0
0.56818
0.45711 
#314.1
0 1 0.23077 0 0 0 0 1 0 1
0 0.83974 0.09114 0 0 0 0 0 0 1
0 0 1 1 0 0 1 1 0 1
0
0.61364
0.69796 
#315.1
1 0 0.07692 0 1 0 1 1 0 1
0 0.14744 0.08857 0.82334 0.02697 0.7415 0.82222 0.28512 0.62712 1
0 1 0 1 0 0 1 1 0 1
0
0.40909
0.53236 
#316.1
0 1 0.38462 0 1 1 0 1 0 0
1 0 0.12452 0.78549 0.03371 0.54422 0.66667 0.25207 0.42373 0
1 1 0 1 0 1 0 1 0 1
0
0.45455
0.52966 
#317.1
0 1 0.15385 0 1 1 0 0 1 1
0 0.26068 0.181 0 0 0.44898 0.44444 0.80165 0.23729 0
1 0 1 1 0 1 0 1 0 0
1
0.65909
0.75485 
#318.1
1 0 0.15385 0 1 0 1 1 0 1
0 0.23718 0.09371 0.86751 0.02472 0.72109 0.84444 0.28926 0.47458 1
0 1 0 1 0 0 1 1 0 1
0
0.67045
0.52074 
#319.1
1 0 0.23077 0 1 0 1 1 0 1
0 0.19017 0.08344 0.88643 0.03371 0.76191 0.71111 0.20661 0.49152 1
0 1 0 1 0 0 1 1 0 1
0
0.23864
0.48561 
#320.1
0 1 0.15385 0 0 0 1 1 0 1
0 0.48718 0.0475 0 0 0.85034 0.95556 0.19421 0.66102 1
0 0 1 1 0 0 1 1 0 1
0
0.27273
0.37331 
#321.1
0 1 0.15385 0 1 1 0 0 1 1
0 0.20299 0.12965 0.82965 0.02921 0.46939 0.46667 0.69835 0.27119 1
0 1 0 1 0 0 1 1 0 1
0
0.48864
0.48368 
#322.1
1 0 0.07692 0 1 0 1 1 0 1
0 0.14744 0.12195 0.82334 0.04494 0.70748 0.86667 0.26446 0.47458 1
0 1 0 1 0 0 1 1 0 1
0
0.36364
0.50247 
#323.1
0 1 0.30769 0 0 1 0 0 1 1
0 0 0.08601 0 0 0.4898 0 0 0 0
1 0 1 1 0 0 1 0 1 1
0
0.70455
0.70337 
#324.1
0 1 0.30769 0 0 0 1 1 0 1
0 0 0.0475 0 0 0.80952 0.86667 0 0 1
0 1 0 1 0 0 1 1 0 1
0
0.47727
0.52726 
#325.1
1 0 0.07692 0 1 0 1 1 0 1
0 0.20299 0.05263 0.84227 0.02247 0.67347 0.8 0.12397 0.59322 1
0 1 0 1 0 0 1 1 0 1
0
0.51136
0.48057 
#326.1
1 0 0.15385 0 1 0 1 1 0 1
0 0.17094 0.11938 0.84858 0.04045 0.80952 0.68889 0.2438 0.47458 1
0 1 0 1 0 0 1 1 0 1
0
0.63636
0.4969 
#327.1
0 1 0.23077 0 0 0 1 1 0 1
0 0.2094 0.11938 0 0 0.55782 0.6 0.20661 0.28814 0
1 0 1 1 0 0 1 1 0 1
0
0.625
0.56294 
#328.1
0 1 0.23077 0 1 1 0 0 1 0
1 0.28846 0.22721 0.7918 0.08764 0.17007 0.15556 0.36364 0.08475 0
1 0 1 0 1 1 0 0 1 1
0
0.75
0.83138 
#329.1
0 1 0.07692 0 0 0 0 1 0 1
0 0.26923 0.09628 0.89905 0.0382 0.53061 0.57778 0.29752 0.05085 0
1 0 1 0 1 1 0 0 1 1
0
0.89773
0.79701 
#330.1
0 1 0.38462 1 0 1 0 1 0 1
0 0.25214 0.13736 0 0 0.47619 0.44444 0 0 0
1 1 0 1 0 1 0 1 0 1
0
0.65909
0.71154 
#331.1
1 0 0.23077 0 1 0 1 1 0 1
0 0.2265 0.09371 0.82334 0.03146 0.68027 0.8 0.16529 0.40678 1
0 1 0 1 0 0 1 1 0 1
0
0.35227
0.45887 
#332.1
0 1 0.07692 0 0 0 0 1 0 1
0 0.31838 0.0629 0 0 0 0 0 0 0
1 1 0 1 0 1 0 1 0 1
0
0.76136
0.67668 
#333.1
0 1 0.07692 0 0 0 1 1 0 1
0 0.20299 0.06804 0.84227 0.02921 0 0 0 0 1
0 1 0 1 0 0 1 0 1 1
0
0.36364
0.46009 
#334.1
1 0 0.15385 0 1 0 1 1 0 1
0 0.15171 0.07831 0.87382 0.04944 0.91837 0.75556 0.20248 0.54237 1
0 1 0 1 0 0 1 1 0 1
0
0.45455
0.50092 
#335.1
0 1 0.15385 0 0 0 1 1 0 1
0 0.19444 0.23492 0 0 0.32653 0.37778 0.14463 0 1
0 1 0 0 1 0 1 1 0 0
1
0.48864
0.52606 
#336.1
0 1 0.15385 0 0 0 1 1 0 1
0 0.1688 0.26829 0.82334 0.04045 0 0 0 0 1
0 1 0 1 0 1 0 1 0 1
0
0.31818
0.44062 
#337.1
0 1 0.15385 0 1 1 0 0 1 1
0 0.4359 0.55327 0 0 0.48299 0.6 0.43388 0.35593 0
1 1 0 1 0 1 0 0 1 0
1
0.84091
0.90439 
#338.1
0 1 0 0 1 0 0 1 0 1
0 0.42094 0.44801 0.82965 0.04494 0.37415 0.33333 0.45454 0.1017 0
1 1 0 1 0 0 1 0 1 0
1
0.54545
0.53109 
#339.1
0 1 0.23077 1 0 0 1 1 0 1
0 0 0 0 0 0.43537 0.42222 0 0 1
0 1 0 1 0 0 1 0 1 1
0
0.375
0.38681 
#340.1
0 1 0.15385 1 0 0 1 1 0 1
0 0.2735 0.28113 0.79811 0.02697 0.29932 0.4 0 0 1
0 1 0 1 0 0 1 1 0 0
1
0.5
0.52991 
#341.1
1 0 0.15385 0 1 0 1 1 0 1
0 0.17094 0.11938 0.84858 0.04045 0.80952 0.68889 0.2438 0.47458 1
0 1 0 1 0 0 1 1 0 1
0
0.63636
0.4969 
#342.1
1 0 0 0 1 0 1 1 0 1
0 0.14957 0.04493 0.91798 0.05169 0.80272 0.86667 0.10331 0.55932 1
0 1 0 1 0 0 1 1 0 1
0
0.54545
0.48375 
#343.1
0 1 0 1 0 0 0 1 0 1
0 0 0 0 0 0.76191 0.73333 0.33058 0.45763 0
1 0 1 1 0 0 1 1 0 1
0
0.68182
0.70995 
#344.1
0 1 0.38462 0 1 0 1 1 0 1
0 0.49786 0.33505 0.82334 0.07191 0.28571 0.24444 0.31405 0.30509 0
1 0 1 0 1 0 1 1 0 0
1
0.64773
0.68569 
#345.1
1 0 0.23077 0 1 0 1 1 0 1
0 0.14316 0.04493 0.88013 0.05618 0.80952 0.68889 0.33471 0.45763 1
0 1 0 1 0 0 1 1 0 1
0
0.35227
0.53301 
#346.1
0 1 0.15385 0 1 0 1 1 0 1
0 0.17094 0.15019 0.69716 0.07191 0.38095 0.37778 0.43802 0.16949 0
1 1 0 1 0 1 0 1 0 0
1
0.92045
0.84149 
#347.1
1 0 0.07692 0 1 0 1 1 0 1
0 0.20727 0.06547 0 0 0.82313 0.68889 0.28926 0.52542 1
0 1 0 1 0 0 1 1 0 1
0
0.26136
0.48674 
#348.1
0 1 0.23077 1 0 0 1 1 0 1
0 0.60043 0.08601 0.74133 0.02247 0.4966 0.57778 0.3595 0.37288 1
0 0 1 1 0 1 0 1 0 1
0
0.64773
0.75679 
#349.1
1 0 0.15385 0 0 0 0 1 0 1
0 0.13462 0.0475 0.86751 0.05169 0.88435 0.75556 0.30579 0.40678 1
0 1 0 1 0 0 1 1 0 1
0
0.71591
0.59455 
#350.1
0 1 0 0 1 1 0 1 0 1
0 0.46795 0.48652 0.69085 0.00899 0.44218 0.48889 0.55785 0.28814 1
0 0 1 1 0 0 1 0 1 1
0
0.64773
0.61228 
#351.1
1 0 0.15385 0 1 0 1 1 0 1
0 0 0 0.82334 0.03596 0.82993 0.86667 0.16942 0.67797 1
0 1 0 1 0 0 1 1 0 1
0
0.88636
0.50171 
#352.1
0 1 0.38462 0 0 0 1 1 0 1
0 0.1453 0.24775 0 0 0.40816 0.42222 0.13636 0.25424 0
1 1 0 1 0 0 1 1 0 1
0
0.71591
0.62917 
#353.1
0 1 0.30769 1 0 1 0 0 1 1
0 0.10256 0.27086 0.69085 0.02697 0.43537 0.44444 0.40909 0.27119 0
1 0 1 1 0 1 0 1 0 0
1
0.57955
0.70647 
#354.1
1 0 0.23077 0 1 0 1 1 0 1
0 0.15385 0.03466 0.88013 0.02697 0.84354 0.82222 0.30165 0.72881 1
0 1 0 1 0 0 1 1 0 1
0
0.55682
0.55109 
#355.1
1 0 0.23077 0 1 0 1 1 0 1
0 0.15598 0.08601 0.85489 0.03596 0 0 0 0 1
0 1 0 1 0 0 1 1 0 1
0
0.51136
0.35464 
#356.1
0 1 0.38462 0 1 1 0 0 1 1
0 0.24786 0.15019 0 0 0.52381 0.53333 0.30579 0.32203 0
1 0 1 1 0 0 1 1 0 0
1
0.56818
0.48736 
#357.1
0 1 0.07692 0 0 1 0 0 1 1
0 1 0.13736 0 0 0.42857 0.42222 0 0 0
1 0 1 1 0 0 1 1 0 0
1
0.54545
0.4901 
#358.1
1 0 0.23077 0 1 0 1 1 0 1
0 0.25 0.03466 0.82334 0.05618 0.79592 0.73333 0.1405 0.57627 1
0 1 0 1 0 0 1 1 0 1
0
0.61364
0.48554 
#359.1
0 1 0.30769 0 0 0 0 1 0 1
0 0.13248 0.36842 0.82334 0.06292 0 0 0 0 1
0 0 1 1 0 0 1 1 0 1
0
0.79545
0.85197 
#360.1
1 0 0.23077 0 1 0 1 1 0 1
0 0.16667 0.09114 0.86751 0.03371 0.93878 0.95556 0.18595 0.66102 1
0 1 0 1 0 0 1 1 0 1
0
0.35227
0.48724 
#361.1
0 1 0.38462 0 1 0 1 1 0 0
1 0.15171 0.0475 0.89274 0.04494 0 0 0 0 1
0 1 0 1 0 1 0 1 0 1
0
0.55682
0.6442 
#362.1
1 0 0.15385 0 1 0 1 1 0 1
0 0.11325 0.07574 0.8612 0.02247 0.91157 1 0.23141 0.69491 1
0 1 0 1 0 0 1 1 0 1
0
0.45455
0.50933 
#363.1
1 0 0.23077 0 1 0 1 1 0 1
0 0.11966 0.11168 0.84227 0.02247 0.88435 0.91111 0.13223 0.61017 1
0 1 0 1 0 0 1 1 0 1
0
0.68182
0.45679 
#364.1
0 1 0.07692 0 1 0 1 1 0 1
0 0.11966 0.06547 0 0 0.62585 0.71111 0.18595 0 1
0 1 0 1 0 1 0 0 1 1
0
0.06818
0.16557 
#365.1
0 1 0.30769 1 0 1 0 0 1 1
0 0.15171 0.38896 0.84858 0.04045 0.45578 0.55556 0.31405 0 1
0 1 0 1 0 1 0 0 1 0
1
0.45455
0.48427 
#366.1
1 0 0.07692 0 1 0 1 1 0 1
0 0.23504 0.04236 0.91798 0.04944 0.83674 0.73333 0.36364 0.40678 1
0 1 0 1 0 0 1 1 0 1
0
0.625
0.56546 
#367.1
1 0 0.23077 0 1 0 1 1 0 1
0 0.20727 0.0398 0.82334 0.04944 0.83674 0.73333 0.16529 0.69491 1
0 1 0 1 0 0 1 1 0 1
0
0.625
0.50164 
#368.1
1 0 0.23077 0 1 0 1 1 0 1
0 0.20513 0.04236 0.82334 0.02472 0.84354 0.75556 0.20661 0.55932 1
0 1 0 1 0 0 1 1 0 1
0
0.60227
0.50483 
#369.1
1 0 0.23077 0 1 0 1 1 0 1
0 0.23077 0.07317 0.87382 0.05618 0.87075 0.8 0.23141 0.40678 1
0 1 0 1 0 0 1 1 0 1
0
0.46591
0.49753 
#370.1
0 1 0.23077 0 0 0 0 1 0 1
0 0.24573 0.16303 0.8612 0.04944 0.44898 0.42222 0.19421 0.0678 0
1 0 1 1 0 1 0 1 0 0
1
0.79545
0.75342 
#371.1
1 0 0.23077 0 1 0 1 1 0 1
0 0.14316 0.10398 0.84858 0.05618 0.92517 0.95556 0.33058 0.49152 1
0 1 0 1 0 0 1 1 0 1
0
0.31818
0.51813 
#372.1
0 1 0.15385 0 1 1 0 0 1 1
0 0 0.4172 0.79811 0.0427 0.48299 0.46667 0.37603 0.22034 0
1 0 1 0 1 1 0 0 1 1
0
0.84091
0.72901 
#373.1
0 1 0.15385 0 1 1 0 1 0 1
0 0.51709 0.21951 0.7918 0.03371 0.63946 0.62222 0.30579 0.33898 0
1 0 1 0 1 0 1 0 1 1
0
0.76136
0.67441 
#374.1
1 0 0.15385 0 1 0 1 1 0 1
0 0.25214 0.0552 0.85489 0.04944 0.89796 0.86667 0.14876 0.59322 1
0 1 0 1 0 0 1 1 0 1
0
0.25
0.49337 
#375.1
1 0 0.15385 0 1 0 1 1 0 1
0 0.23077 0.09628 0.89905 0.04944 0.70748 0.82222 0.18595 0.40678 1
0 1 0 1 0 0 1 1 0 1
0
0.64773
0.47618 
#376.1
0 1 0.69231 0 0 0 0 1 0 1
0 0.1688 0.26829 0.82334 0.04045 0.21088 0.2 0.14876 0.0339 0
1 0 1 1 0 1 0 1 0 0
1
0.54545
0.6513 
#377.1
0 1 0.15385 0 0 0 1 1 0 1
0 0.25214 0.06547 0 0 0 0 0 0 1
0 1 0 1 0 0 1 1 0 1
0
0.65909
0.53799 
#378.1
0 1 0.15385 0 1 0 1 1 0 1
0 0.10256 0.07831 0.76025 0.03371 0.46939 0.44444 0.69008 0.23729 0
1 0 1 1 0 0 1 0 1 1
0
0.80682
0.70849 
#379.1
0 1 0.07692 0 0 1 0 1 0 1
0 0.70513 0.34788 0.81073 0.04494 0.55782 0.48889 0.14876 0.25424 0
1 0 1 0 1 1 0 0 1 1
0
0.59091
0.68868 
#380.1
0 1 0.30769 0 0 0 1 1 0 1
0 0.46154 0.14249 0 0 0.45578 0.42222 0.23967 0.20339 0
1 0 1 1 0 1 0 1 0 1
0
0.75
0.64826 
#381.1
0 1 0.15385 0 1 0 1 1 0 1
0 0.22436 0.04493 0.81704 0.02472 0 0 0 0 0
1 0 1 1 0 0 1 1 0 1
0
0.52273
0.59524 
#382.1
1 0 0.23077 0 1 0 1 1 0 1
0 0.21368 0.08087 0.89274 0.03146 0.73469 0.86667 0.30165 0.45763 1
0 1 0 1 0 0 1 1 0 1
0
0.52273
0.51924 
#383.1
0 1 0.07692 0 0 0 0 1 0 1
0 0.19658 0.18614 0.82334 0.0764 0.33333 0.33333 0 0 1
0 0 1 1 0 0 1 1 0 0
1
0.86364
0.7327 
#384.1
1 0 0.23077 0 1 0 1 1 0 1
0 0.11111 0.10141 0.87382 0.04494 0.81633 0.86667 0.30992 0.59322 1
0 1 0 1 0 0 1 1 0 1
0
0.77273
0.52236 
#385.1
0 1 0.15385 0 1 1 0 1 0 1
0 0.21368 0.10398 0.82965 0.04944 0.64626 0.66667 0.23554 0.30509 0
1 0 1 1 0 0 1 1 0 1
0
0.68182
0.6035 
#386.1
0 1 0.15385 1 0 0 1 1 0 1
0 0.25 0.04493 0 0 0.65306 0.73333 0 0 1
0 1 0 1 0 1 0 1 0 1
0
0.36364
0.31977 
#387.1
0 1 0.15385 0 0 0 1 1 0 1
0 0 0 0 0 0.57143 0 0.19421 0 1
0 1 0 1 0 0 1 1 0 1
0
0.19318
0.27654 
#388.1
1 0 0.15385 0 1 0 1 1 0 1
0 0 0.08087 0.91798 0.05618 0.82993 0.77778 0.34297 0.67797 1
0 1 0 1 0 0 1 1 0 1
0
0.36364
0.54838 
#389.1
1 0 0.07692 0 1 0 1 1 0 1
0 0.23504 0.04236 0.89905 0.04944 0.72109 0.8 0.21901 0.59322 1
0 1 0 1 0 0 1 1 0 1
0
0.61364
0.52425 
#390.1
1 0 0.23077 0 1 0 1 1 0 1
0 0.21795 0.10911 0.85489 0.05393 0.80272 0.71111 0.19835 0.61017 1
0 1 0 1 0 0 1 1 0 1
0
0.51136
0.49195 
#391.1
1 0 0.07692 0 1 0 1 1 0 1
0 0 0 0.83596 0.04944 0.7415 0.71111 0.09504 0.57627 1
0 1 0 1 0 0 1 1 0 1
0
0.20455
0.47029 
